num = [0.306767031919335,-0.220792579319247, -0.0859744526000870]
den = [1, -1.92797380591714, 0.931384283030359]
