num = [0.412603025103594,-0.323775638601551, -0.0888273865020429]
den = [1, -1.90565337239106,0.909935989890755]

Friday Detumbling
num = [0.308628296174775,-0.0257625572988469, -0.216561116281308]
den = [1, -1.40855041309178,0.474855035686403]

Friday Step Response
num = [0.144682946838361,-0.198475974764376, 0.0537930279260154]
den = [1, -1.98908574255459,0.989360773422163]