num = [0.412603025103594,-0.323775638601551, -0.0888273865020429]
den = [1, -1.90565337239106,0.909935989890755]
