num = [0.0196330803915542,0.00451497853985007, -0.0231803807467264]
den = [1, -1.95621876472392, 0.957186442908596]
