num = [0.0289583368795309,0.00637394651125850, -0.0345121339040692]
den = [1, -1.93570925222674,0.936529401713456]
