num = [0.232966140438180,-0.196279744117448, -0.0366863963207328]
den = [1, -1.96598761681995, 0.968435504507015]
