num = [0.412603025103594,-0.323775638601551, -0.0888273865020429]
den = [1, -1.90565337239106,0.909935989890755]

Friday Morning
num = [0.308628296174775,-0.0257625572988469, -0.216561116281308]
den = [1, -1.40855041309178,0.474855035686403]